         1  489191.47  1201769.56  271.42     
         2  489180.47  1201745.50  272.18     
         3  489172.31  1201775.75  273.58     
         4  489175.15  1201774.68  273.36     
         5  489175.56  1201774.48  273.06     
         6  489178.36  1201773.53  272.69     
         7  489179.07  1201773.29  272.94     
         8  489185.17  1201771.39  271.98     
         9  489186.29  1201766.37  271.63     
        10  489188.14  1201762.24  271.58     
        11  489183.27  1201764.49  272.18     
        12  489177.72  1201767.20  272.79     
        13  489174.80  1201771.84  272.95     
        14  489173.50  1201771.10  273.45     
        15  489172.14  1201765.21  273.23     
        16  489170.05  1201765.97  273.74     
        17  489168.87  1201767.62  273.93     
        18  489165.77  1201760.47  274.09     
        19  489167.70  1201759.78  273.83     
        20  489168.76  1201759.34  273.47     
        21  489162.77  1201753.68  274.40     
        22  489164.51  1201752.65  274.12     
        23  489166.40  1201751.90  273.55     
        24  489172.57  1201748.28  273.01     
        25  489179.58  1201744.05  272.25     
        27  489184.94  1201743.23  271.62     
        29  489180.52  1201734.74  272.03     
        30  489179.41  1201729.70  271.82     
        31  489176.20  1201736.01  272.49     
        32  489171.02  1201738.06  272.94     
        33  489168.29  1201738.87  273.29     
        34  489161.61  1201741.26  273.83     
        35  489159.36  1201741.78  274.40     
        36  489157.82  1201742.45  274.70     
        37  489154.33  1201734.46  274.82     
        38  489151.82  1201728.72  274.92     
        39  489153.51  1201728.16  274.68     
        40  489155.52  1201727.21  274.19     
        41  489155.90  1201733.63  274.61     
        42  489158.18  1201732.46  274.00     
        43  489164.17  1201730.27  273.53     
        44  489173.64  1201725.69  272.56     
        45  489172.51  1201721.08  272.34     
        46  489176.27  1201719.00  271.59     
        47  489178.67  1201719.05  271.26     
        48  489180.42  1201718.12  271.04     
        49  489181.91  1201715.80  271.01     
        50  489187.02  1201716.13  270.40     
        51  489190.92  1201717.76  269.74     
        52  489184.51  1201718.97  270.06     
        53  489179.31  1201720.75  270.48     
        54  489175.89  1201721.25  270.94     
        55  489178.42  1201723.51  270.55     
        56  489183.74  1201721.33  270.02     
        57  489179.53  1201726.12  271.37     
        58  489174.81  1201727.65  272.57     
        59  489165.95  1201730.44  273.37     
        60  489163.75  1201724.60  273.42     
        61  489175.91  1201725.46  271.93     
        62  489177.62  1201724.78  271.16     
        63  489180.53  1201723.48  270.39     
        64  489183.51  1201722.70  270.20     
        65  489186.45  1201721.72  269.77     
        66  489189.28  1201720.40  269.64     
        67  489192.43  1201719.26  269.44     
        68  489185.75  1201718.83  269.93     
        69  489183.71  1201719.74  270.17     
        70  489187.00  1201723.81  269.72     
        71  489192.40  1201721.14  269.73     
        72  489191.55  1201721.32  269.54     
        73  489193.33  1201720.41  269.39     
        74  489187.77  1201726.60  269.85     
        75  489189.63  1201725.66  269.69     
        76  489188.21  1201723.06  269.72     
        78  489188.07  1201725.99  269.81     
        79  489183.18  1201728.25  270.70     
        81  489181.68  1201730.39  270.72     
        82  489183.76  1201735.38  270.63     
        83  489185.16  1201735.39  270.56     
        84  489186.70  1201736.19  270.39     
        85  489186.89  1201739.07  270.43     
        86  489184.92  1201736.84  271.10     
        87  489183.06  1201739.43  271.83     
        88  489183.95  1201741.16  271.83     
        89  489186.51  1201742.45  270.83     
        90  489191.07  1201740.19  270.24     
        91  489194.42  1201738.51  269.87     
        92  489194.09  1201737.64  269.94     
        93  489193.61  1201736.92  269.62     
        94  489187.69  1201739.45  270.29     
        95  489189.22  1201733.13  269.86     
        96  489188.15  1201735.27  270.16     
        97  489185.51  1201735.08  270.43     
        98  489183.93  1201731.62  270.56     
        99  489185.90  1201730.04  270.07     
       100  489185.38  1201732.26  269.96     
       101  489186.30  1201734.26  269.75     
       102  489181.19  1201727.19  271.19     
       103  489189.27  1201731.39  269.91     
       104  489197.99  1201736.73  269.52     
       105  489197.48  1201735.94  269.53     
       106  489197.14  1201735.28  269.19     
       107  489193.98  1201730.09  269.41     
       108  489205.12  1201732.33  268.37     
       109  489193.30  1201720.43  269.69     
       110  489194.65  1201723.00  269.74     
       111  489195.03  1201724.00  269.03     
       112  489196.19  1201721.62  269.22     
       115  489196.08  1201716.16  268.92     
       116  489193.04  1201712.19  269.77     
       117  489193.69  1201717.03  269.75     
       118  489193.97  1201718.44  269.31     
       119  489199.11  1201720.06  268.64     
       121  489204.81  1201727.49  268.11     
       122  489205.01  1201727.34    0.00     
       123  489201.20  1201722.36    0.00     
       124  489206.86  1201731.32  268.08     
       125  489208.03  1201731.70    0.00     
       126  489197.55  1201729.14  269.07     
       127  489201.95  1201732.90  268.89     
       128  489202.72  1201733.51  269.07     
       129  489202.99  1201734.24  269.19     
       130  489204.89  1201727.86    0.00     
       131  489206.01  1201728.77    0.00     
       132  489208.33  1201731.29    0.00     
       133  489206.98  1201729.62  267.75     
       134  489199.52  1201719.79  268.35     
       135  489204.98  1201726.87  268.11     
       136  489196.26  1201715.95  268.64     
       137  489200.66  1201712.50  268.55     
       138  489205.54  1201719.19  267.98     
       139  489209.26  1201724.19  267.58     
       140  489212.47  1201728.53  267.23     
       141  489216.76  1201734.42  266.76     
       142  489213.29  1201737.68  267.05     
       143  489208.98  1201731.97  267.51     
       144  489213.94  1201737.01  266.61     
       145  489216.19  1201734.88  266.57     
       146  489209.55  1201730.84  267.14     
       147  489206.25  1201726.24  267.61     
       148  489202.65  1201721.04  267.98     
       149  489198.33  1201714.29  268.49     
       150  489208.41  1201731.77  267.52     
      5001  489206.21  1201721.72  267.82     
      5002  489155.94  1201735.11  274.73     
      5003  489177.05  1201769.71  272.89     

